"word"	"count.ep"	"count.tok"	"T0"	"T1"	"T2"	"T3"	"T4"	"T5"	"T6"	"T7"	"T8"	"T9"	"T10"	"T11"	"T12"	"T13"	"T14"	"T15"	"T16"	"T17"	"T18"	"T19"	"T20"	"T21"	"T22"	"T23"	"T24"
"BACKGROUND"	18751	5873571	0.057116	0.020584	0.008898	0.153807	0.066957	0.013738	0.073724	0.084698	0.014231	0.029626	0.025645	0.073891	0.015796	0.02078	0.037842	0.016184	0.019928	0.011144	0.023271	0.015437	0.021503	0.015476	0.140278	0.015948	0.023498
"aboard"	44	83	0.0321586	0.01843815	0.008545244	0.04433171	0.02792859	0.08272257	0.003535676	0.1098859	0.07528999	0.02247312	0.07254008	0.06275019	0.03209943	0.01175375	0.01708541	0.2649196	0.01842931	0.0007143523	0.002561173	0.01202304	0.003869918	0.02197928	0.04305187	0.006260277	0.004652777
"accident"	106	133	0.04966238	0.02053576	0.0213804	0.1499821	0.06446769	0.01249559	0.07280028	0.1178499	0.0131592	0.03604453	0.02163851	0.03971519	0.008130054	0.0102377	0.02642353	0.02254443	0.05250277	0.006426767	0.01156792	0.004088099	0.00868964	0.03090096	0.1724874	0.009517364	0.01675188
"again"	1927	3951	0.04505434	0.01034149	0.01207348	0.09637956	0.04837975	0.01505105	0.06303303	0.1175507	0.04744506	0.02678904	0.1568293	0.05151847	0.009063798	0.01310866	0.02571339	0.03427607	0.01644683	0.01029024	0.009113828	0.02210697	0.00851312	0.006431513	0.1307894	0.0120335	0.01166737
"airplane"	76	166	0.0309786	0.004431831	0.002701567	0.07928273	0.07233672	0.03644292	0.05119807	0.2847327	0.01042757	0.03440132	0.03174643	0.05496501	0.01576925	0.007565485	0.01857034	0.02319176	0.01573208	0.005357433	0.01221621	0.03091644	0.01863076	0.04910897	0.0895406	0.004067054	0.01568818
"album"	24	41	0.03586355	0.006528974	0.002912365	0.311967	0.02944299	0.004804898	0.1634497	0.03996966	0.01166808	0.04514045	0.003588813	0.06204217	0.005461129	0.006769964	0.01802216	0.005497451	0.008134075	0.03878288	0.004871292	0.007480813	0.01513476	0.003853634	0.1122678	0.02636284	0.02998264
"alexander"	7	17	0.1310194	0.1539857	0.000601833	0.07409518	0.01489066	0.006206025	0.1355103	0.03571541	0.05192837	0.0475819	0.006159176	0.006466868	0.01566345	0.007492913	0.006736763	0.002546454	0.007542662	0.005788468	0.002100939	0.01175413	0.005877537	0.07056037	0.06054087	0.0110865	0.1281481
"NANNYNAME"	270	583	0.07462298	0.003272561	0.01473889	0.1323669	0.03918867	0.00342073	0.09430512	0.1888632	0.009775283	0.03531689	0.01156629	0.090717	0.006040883	0.005202138	0.02417409	0.01051232	0.009230677	0.009254913	0.006968505	0.003917787	0.006780119	0.003098974	0.189926	0.007862194	0.01887696
"all"	2153	5482	0.03921608	0.006421846	0.01197344	0.158219	0.06132305	0.009506781	0.04028548	0.1207593	0.02713195	0.03597952	0.03609585	0.05256284	0.00804764	0.03501346	0.05233469	0.05955036	0.006262171	0.008631206	0.03562407	0.01334105	0.01470129	0.006423994	0.1426919	0.007690111	0.01021294
"alligator"	20	36	0.07150575	0.009323624	0.06604219	0.03981485	0.04605711	0.004448093	0.0460643	0.1007776	0.04792818	0.02710989	0.04817485	0.07004858	0.01538053	0.05476539	0.05317506	0.01134973	0.0438387	0.007258593	0.02921934	0.08368095	0.01634384	0.005353376	0.02011354	0.05477844	0.02744748
"alright"	4100	6787	0.06986639	0.01534887	0.007921794	0.1081021	0.07180872	0.01015856	0.06365305	0.09412436	0.01249256	0.04153586	0.02053851	0.1171114	0.01075081	0.0140766	0.05102234	0.01513058	0.01761331	0.01014714	0.01768509	0.01174062	0.01824479	0.013275	0.1451318	0.01544	0.0270798
"ambulance"	50	101	0.02968999	0.005172169	0.005415198	0.09657648	0.05211301	0.01773445	0.01849837	0.2694363	0.02421622	0.04075582	0.01914723	0.04086857	0.005368324	0.01398251	0.01967888	0.06766097	0.0191894	0.009748126	0.02075722	0.008956738	0.006589148	0.07549256	0.08337051	0.01804224	0.03153956
"animal"	388	648	0.03933671	0.01975682	0.02095904	0.09558613	0.06112112	0.009156567	0.04004974	0.0997727	0.01770688	0.02504426	0.0419947	0.05118379	0.009206397	0.06710337	0.0186713	0.05871718	0.01036879	0.01134059	0.03412507	0.1182925	0.02264232	0.007892927	0.08092662	0.01728417	0.02176035
"another"	1543	2044	0.05072097	0.0195363	0.01533041	0.1837507	0.06615252	0.01527196	0.05848701	0.08914237	0.01391888	0.02907453	0.02811548	0.0364508	0.01528335	0.01851469	0.03047432	0.02384566	0.02371229	0.01044615	0.03353938	0.02342067	0.01518984	0.01437515	0.1501698	0.01694736	0.01812941
"answer"	253	385	0.03486804	0.01793927	0.01505174	0.1760904	0.03863028	0.006733584	0.1013022	0.1000737	0.0127922	0.02559115	0.02247115	0.05548487	0.01169318	0.0296333	0.02193964	0.09786825	0.01167066	0.009406344	0.01899099	0.03492426	0.0176038	0.0112234	0.09297941	0.01434201	0.02069613
"ant"	39	81	0.06347631	0.04666924	0.176165	0.06926343	0.03356594	0.003992714	0.0341011	0.06609536	0.007934526	0.02402462	0.02419437	0.1012685	0.03648035	0.04641667	0.03498653	0.00912547	0.008388068	0.01858622	0.042363	0.03070984	0.01061324	0.003330502	0.06455464	0.02243745	0.02125695
"any"	2324	3912	0.03488908	0.01183005	0.007716044	0.1594865	0.05876328	0.009832485	0.05291594	0.06442585	0.01499447	0.02662024	0.02012085	0.04133024	0.01808766	0.01949777	0.03037488	0.04503128	0.01329089	0.01015351	0.01216437	0.01877997	0.01072113	0.008505174	0.1587922	0.1326416	0.01903449
"apple"	150	348	0.0175813	0.006453129	0.001944589	0.1430686	0.1666871	0.003028738	0.03420642	0.09649877	0.01542496	0.03564835	0.08902778	0.02447174	0.002531613	0.02637955	0.01102425	0.04769408	0.00319913	0.03627365	0.00711903	0.005893907	0.01188316	0.003515273	0.1945736	0.009514255	0.006356992
"around"	1786	2604	0.04789409	0.01608891	0.006631581	0.2156894	0.05433876	0.01306202	0.06885558	0.06945724	0.01551988	0.04061416	0.01993646	0.03799469	0.01574272	0.03095996	0.02702471	0.01225782	0.0175676	0.01513721	0.01558691	0.01152904	0.01724561	0.01166284	0.1864145	0.01310566	0.01968271
"away"	2008	3492	0.05807588	0.01732555	0.04452916	0.122087	0.06026262	0.01442405	0.04942661	0.08003371	0.01188731	0.03545187	0.01865813	0.05539222	0.01613129	0.03631456	0.04547426	0.05797762	0.01999276	0.008564325	0.03377234	0.01404822	0.01287445	0.01447029	0.1347656	0.01564402	0.02241613
"awesome"	91	110	0.02704294	0.0271264	0.004884752	0.3421151	0.04870739	0.006998395	0.08863737	0.05965937	0.006496556	0.03202983	0.02043846	0.0382515	0.001066565	0.005980107	0.01308211	0.01617835	0.02755287	0.01076158	0.007349491	0.005071673	0.01177153	0.01293699	0.1690671	0.004147816	0.01264566
"baby"	1390	3998	0.03641152	0.005902795	0.01326742	0.105379	0.06334821	0.02847227	0.05640184	0.1440834	0.02229556	0.09502399	0.02545755	0.04206754	0.02952455	0.05454041	0.0230868	0.02734883	0.01249025	0.01290438	0.01493869	0.0204744	0.01375784	0.007856991	0.1232214	0.01173891	0.01000542
"back"	1650	2980	0.07218618	0.006532976	0.04631612	0.1826967	0.04297309	0.01135919	0.05873948	0.09842797	0.01417342	0.04128649	0.02111973	0.04935718	0.008718488	0.02078391	0.0286323	0.01616266	0.01165599	0.01046477	0.02146453	0.01233818	0.01203764	0.00756756	0.1794737	0.01201602	0.0135157
"bad"	815	1200	0.04386726	0.007243422	0.006327296	0.1704604	0.05907671	0.01363886	0.07292065	0.1017489	0.01148607	0.04367114	0.01997472	0.04916658	0.009084208	0.01338887	0.03199699	0.01338902	0.01522042	0.009121377	0.03606674	0.01369744	0.011359	0.01074196	0.2032216	0.01223338	0.02089694
"bag"	388	944	0.02845678	0.003909425	0.01030769	0.07979201	0.03724465	0.00773332	0.0334862	0.05152191	0.02026809	0.02218063	0.01604177	0.02852337	0.01406965	0.008071931	0.01918484	0.1470671	0.006585199	0.00851242	0.005131368	0.01642861	0.006985918	0.005861282	0.1191681	0.2928743	0.01059344
"bagel"	34	79	0.01562715	0.006573335	0.002985153	0.194114	0.09119458	0.004773588	0.02783164	0.03084841	0.004173181	0.02762138	0.01366923	0.02428331	0.00154928	0.003061396	0.007817294	0.008102117	0.01591284	0.007100198	0.003549877	0.1117704	0.01093184	0.01175403	0.3038611	0.06311942	0.007775256
"balloon"	122	493	0.02793082	0.0166605	0.009879857	0.09441985	0.03132457	0.01315841	0.03386538	0.1764348	0.0218102	0.03771341	0.1660451	0.04909329	0.005011893	0.03442794	0.0197	0.06432036	0.01440458	0.01466508	0.01375252	0.05871281	0.008058103	0.01095283	0.05501656	0.01364501	0.00899609
"bambi"	15	76	0.04215706	0.02575692	0.0003323317	0.09574861	0.05015653	0.001097019	0.04716076	0.01853071	0.01437949	0.02236251	0.05853152	0.1257754	0.01306014	0.003597418	0.04764879	0.002227742	0.0007146982	0.005765183	0.02189896	0.001063221	0.003439783	0.003028011	0.2017923	0.01359305	0.1801819
"banana"	233	781	0.02643727	0.009016291	0.01048473	0.05464466	0.2534993	0.0155844	0.05135875	0.06344126	0.01678993	0.02573544	0.02654976	0.03361783	0.0108097	0.01455563	0.02178404	0.02331809	0.01268178	0.007113851	0.01416194	0.05817867	0.005891588	0.01076254	0.1965963	0.02169711	0.01528914
"barney"	181	669	0.01120304	0.01760848	0.002559773	0.04463695	0.05742979	0.009554092	0.01843362	0.1274006	0.01935617	0.008443226	0.4361587	0.03955461	0.003350891	0.009039226	0.01553191	0.04477496	0.01080593	0.003071606	0.004898353	0.02361057	0.005379821	0.004152406	0.06935161	0.005095374	0.008598312
"basket"	160	332	0.1164464	0.03062627	0.009110118	0.09183686	0.05472668	0.02567481	0.04441549	0.1556118	0.01540244	0.0249553	0.08637272	0.04996715	0.008880066	0.004526452	0.04251543	0.009762673	0.0553597	0.01432311	0.009135168	0.01688963	0.0155347	0.01683483	0.06793273	0.01364297	0.01951646
"basketball"	58	103	0.09218788	0.01414406	0.00916874	0.1552701	0.04366299	0.02667883	0.07509595	0.121663	0.009889151	0.04813521	0.01709074	0.04671286	0.001238529	0.006818226	0.02534701	0.008242069	0.09782585	0.01015017	0.01015674	0.006294832	0.01405975	0.01386111	0.1042667	0.01566327	0.02637626
"bath"	69	204	0.04619661	0.003561011	0.01438506	0.169572	0.02258243	0.005181277	0.03961147	0.06880393	0.005748681	0.1507651	0.01191264	0.03215267	0.002409729	0.01722396	0.1545498	0.007710162	0.007801354	0.002812822	0.008800989	0.004844669	0.01574873	0.001081773	0.1864727	0.002709734	0.01736077
"bathroom"	305	430	0.08927521	0.01379383	0.006279905	0.2380826	0.03269059	0.01166988	0.07427819	0.06057244	0.01385893	0.04367758	0.01391653	0.05195877	0.007262882	0.007739484	0.06276591	0.008175906	0.02011272	0.007351306	0.01057511	0.008249461	0.008918437	0.01651553	0.1607635	0.01046564	0.02104963
"battery"	124	220	0.04992287	0.007872537	0.005666979	0.2692712	0.03071129	0.02188081	0.08090361	0.07998485	0.0180518	0.05235578	0.02329903	0.04877561	0.02089392	0.009408036	0.03002086	0.02199692	0.0302647	0.01185286	0.01072078	0.007683552	0.008471423	0.01538302	0.1222153	0.008108465	0.01428378
"be"	3474	8025	0.0511018	0.005726052	0.00904689	0.2310491	0.04374129	0.008807888	0.06305814	0.09220089	0.01426897	0.0355119	0.02177552	0.05201438	0.01084695	0.02962532	0.02523893	0.01449992	0.01131359	0.008332167	0.01743779	0.01196424	0.01501365	0.005526157	0.198388	0.01121058	0.01229987
"beach"	74	141	0.03535145	0.007576934	0.01472262	0.1941888	0.08981266	0.005480682	0.03436808	0.0458716	0.007006107	0.03176024	0.07743792	0.03710861	0.009268183	0.1736254	0.02407066	0.008693456	0.006117256	0.005991529	0.06235548	0.0147392	0.01617997	0.0036975	0.07917405	0.007674083	0.007727529
"bead"	26	85	0.06500809	0.1368485	0.007693631	0.2662431	0.01524043	0.001719603	0.06648301	0.05593114	0.001464369	0.01190693	0.02185847	0.03304596	0.001214526	0.03470876	0.02158565	0.003158578	0.02277025	0.005057609	0.1358732	0.007696134	0.008076768	0.003686413	0.06212792	0.005633119	0.004967728
"bear"	283	1205	0.03610778	0.03571779	0.04970335	0.03266178	0.0194421	0.008540968	0.03658586	0.2355545	0.01098131	0.02197322	0.02437563	0.04347096	0.162257	0.04778515	0.0240561	0.03051507	0.008005891	0.007798494	0.02587225	0.03813687	0.007975735	0.007123693	0.0564958	0.01176412	0.01709858
"beautiful"	650	1101	0.04117884	0.0148574	0.008904774	0.1591019	0.0485189	0.01319321	0.06090131	0.09838089	0.1037322	0.02518441	0.03737619	0.03309704	0.01527659	0.03152449	0.02468913	0.02087166	0.01654001	0.02420964	0.03192925	0.02579115	0.02584031	0.009398254	0.0988448	0.01276327	0.01789436
"bed"	313	527	0.0415376	0.008671229	0.008510787	0.1356141	0.01432574	0.008989142	0.04259825	0.07505447	0.0158195	0.04746094	0.02042208	0.04107153	0.06666239	0.1318063	0.02811545	0.01449515	0.006522559	0.01171567	0.06227592	0.01096024	0.02121862	0.0043534	0.1601189	0.006937308	0.01474279
"bee"	121	395	0.02800117	0.01852858	0.05895774	0.04717079	0.04655302	0.01236935	0.02262474	0.1259767	0.04643967	0.01599137	0.1661943	0.02803335	0.09610919	0.02634228	0.02715401	0.02869175	0.01057773	0.003593534	0.05924693	0.01271358	0.03051632	0.006503243	0.05496764	0.01793483	0.008808246
"been"	1443	2232	0.02963024	0.01085226	0.005404953	0.2465357	0.04409017	0.009060416	0.07866068	0.05283905	0.01066074	0.0397321	0.01338333	0.03078787	0.04521856	0.02149547	0.02489965	0.01428264	0.01138468	0.009109078	0.009427984	0.01055944	0.01852543	0.007359113	0.2276184	0.01291774	0.0155643
"beep"	133	879	0.04768585	0.01229232	0.01618648	0.1058373	0.0758268	0.06110305	0.06318964	0.06491083	0.01746008	0.1459101	0.01760785	0.04255673	0.01515654	0.005591299	0.02916183	0.03046372	0.04484896	0.008828313	0.01140504	0.0233359	0.005952307	0.02938465	0.1015088	0.01148311	0.01231257
"beginning"	226	356	0.0255524	0.02252902	0.08335018	0.1394465	0.05093182	0.01129517	0.04664027	0.04870072	0.02428215	0.02213877	0.03310611	0.03117822	0.0187828	0.08107407	0.01740394	0.02058075	0.01624973	0.008763775	0.06886625	0.04892747	0.01590791	0.01320287	0.1285637	0.01140005	0.0111253
"behind"	277	360	0.06954736	0.02108894	0.01510086	0.2108078	0.0356029	0.009686841	0.07627107	0.09317765	0.01370479	0.03830043	0.01890576	0.04180722	0.01681906	0.02920781	0.02921284	0.01687396	0.02823798	0.01113032	0.01300277	0.01317294	0.01417087	0.01402042	0.1356942	0.01081391	0.02364134
"bell"	52	146	0.06185518	0.01063622	0.00487909	0.04869925	0.1118835	0.02380492	0.07980354	0.124162	0.04409182	0.01175836	0.03408406	0.03332808	0.02520145	0.09360674	0.01320576	0.09330499	0.01703742	0.02035594	0.01564883	0.007227261	0.004788513	0.01176242	0.06133841	0.03032699	0.01720925
"bib"	85	173	0.05306357	0.01931707	0.01135672	0.1176309	0.1684835	0.02531245	0.06566122	0.06029793	0.007531305	0.02539697	0.02989236	0.05696474	0.005020092	0.01118734	0.03516697	0.0128028	0.01241488	0.005744528	0.008683082	0.009690489	0.009183205	0.01048323	0.1974636	0.01722467	0.02402638
"bicycle"	96	266	0.02053353	0.04725181	0.008156915	0.05488887	0.03153688	0.04746393	0.02864931	0.2430767	0.01735655	0.01610856	0.04223572	0.02697055	0.02144593	0.01570096	0.01494471	0.07670775	0.06919707	0.01293603	0.03757373	0.03211336	0.00301589	0.05398783	0.04546475	0.01792202	0.01476066
"big"	1940	3893	0.05049326	0.01083641	0.02214849	0.1369519	0.06483686	0.01841847	0.06245145	0.1282478	0.01796868	0.0311165	0.02536387	0.04512312	0.01591996	0.03357034	0.02638757	0.01398589	0.03269876	0.01340162	0.02477766	0.02318131	0.01180725	0.02495135	0.1345383	0.01611884	0.01470435
"bike"	118	280	0.02314823	0.02531961	0.007107156	0.1456377	0.04091066	0.0305184	0.03668747	0.09300611	0.008322957	0.05227891	0.1181411	0.03015906	0.0139852	0.009988703	0.04268657	0.02236	0.02716287	0.00712517	0.02911843	0.02421776	0.007577752	0.04236689	0.1284548	0.01618111	0.01753743
"bird"	441	1723	0.03455217	0.03807859	0.06081533	0.04040468	0.04229691	0.02431236	0.04286166	0.1369519	0.01369362	0.01979565	0.05551973	0.04600165	0.1212504	0.0243346	0.0282598	0.03634351	0.01630078	0.007010815	0.0300555	0.04007183	0.01019099	0.02199028	0.06354991	0.03404414	0.01131315
"bit"	2194	3194	0.0393896	0.01492058	0.006072604	0.1751959	0.09666452	0.01091618	0.07262407	0.05205562	0.01076181	0.03120328	0.01752696	0.03622713	0.009812304	0.01156003	0.03131589	0.009814458	0.01498792	0.007390873	0.02678223	0.01090343	0.01325803	0.009940099	0.2568696	0.01178265	0.02202416
"bite"	460	1058	0.05005558	0.01023496	0.004092821	0.09238277	0.2277206	0.03232434	0.05381695	0.06720679	0.01169509	0.02841624	0.0228941	0.03496961	0.01043989	0.009060374	0.02964981	0.02041364	0.02051319	0.006491332	0.01808326	0.01339047	0.007992321	0.006042387	0.1898457	0.01315486	0.01911291
"black"	377	916	0.02484277	0.0344258	0.04697867	0.06537759	0.02947886	0.01246728	0.03098483	0.08978837	0.02380088	0.02256205	0.02091837	0.03950327	0.009449922	0.02233733	0.02096523	0.1581947	0.009923179	0.009629798	0.02194948	0.02724349	0.006927059	0.006748376	0.0804861	0.1723678	0.01264882
"blanket"	13	22	0.1521507	0.005010469	0.07771427	0.2004662	0.02004428	0.0008397617	0.01414514	0.06321751	0.004931792	0.04400285	0.002035736	0.09271966	0.00357727	0.009972542	0.02720532	0.005470884	0.002266037	0.003889178	0.0148281	0.02308787	0.06279361	0.002764661	0.1446949	0.01399045	0.008180836
"blankie"	19	29	0.2418793	0.02273205	0.004787851	0.02940593	0.04759358	0.02145188	0.07112193	0.08134358	0.01918113	0.0299533	0.005610617	0.07638833	0.01312393	0.06344165	0.05571944	0.004374128	0.0214566	0.003485856	0.002848267	0.01552503	0.009370366	0.01354927	0.09735954	0.01556964	0.0327268
"blue"	454	1019	0.03614039	0.07974933	0.04101636	0.07463287	0.02454407	0.01039983	0.02777322	0.1238466	0.02987524	0.0228794	0.06963946	0.04916225	0.04386412	0.04576258	0.01764758	0.04620857	0.01932765	0.01186178	0.05212458	0.02546746	0.01342835	0.009028787	0.1026054	0.01178622	0.0112279
"boat"	210	595	0.04486216	0.004720102	0.01633892	0.08046334	0.03320304	0.01527313	0.04016472	0.2744846	0.01289183	0.0467282	0.01749938	0.03954947	0.007620398	0.1101307	0.02003478	0.01960014	0.01280505	0.005074099	0.0362609	0.017236	0.01371143	0.02184217	0.09664622	0.006109567	0.006749622
"body"	211	278	0.0370695	0.007827511	0.005733054	0.2303816	0.04758805	0.008580632	0.07793041	0.0735054	0.01136409	0.03898373	0.009977804	0.02046099	0.01436749	0.07949744	0.04155314	0.01861019	0.01565622	0.01317363	0.0263428	0.01297971	0.01982569	0.0135126	0.1532711	0.01131952	0.0104877
"booger"	45	78	0.04976022	0.006355313	0.01062679	0.1948094	0.02767632	0.001610119	0.1271396	0.08851429	0.01662643	0.07351793	0.01765004	0.05243989	0.003502643	0.005746121	0.04279438	0.01034734	0.01378185	0.006405133	0.004427295	0.00382207	0.01025743	0.004348601	0.1720081	0.01726026	0.03857238
"boogie"	9	14	0.091098	0.02430529	0.0009297663	0.1486994	0.02452769	0.01893014	0.09678439	0.1220901	0.01790917	0.0563233	0.008766535	0.03742558	0.02387036	0.0285146	0.08252421	0.004018482	0.01098732	0.0558364	0.007456792	0.00359973	0.0535903	0.002144668	0.07560837	0.0003037906	0.003755627
"book"	342	829	0.04473474	0.01776437	0.05235711	0.1037422	0.02634121	0.003849621	0.03123612	0.1518869	0.01055313	0.02546284	0.02339964	0.04930679	0.03071295	0.08166675	0.02543172	0.01884125	0.007126961	0.009528669	0.1047377	0.03004768	0.01135617	0.00372314	0.08601367	0.04076533	0.009413397
"boom"	85	314	0.09580169	0.002108394	0.0424158	0.06386925	0.05942018	0.005281946	0.03625303	0.1671116	0.01884377	0.1529308	0.02107227	0.06266851	0.02657499	0.008555597	0.0471698	0.01592172	0.02693948	0.02538777	0.007167266	0.004788711	0.005002612	0.003217784	0.08735795	0.003763082	0.01037599
"bottle"	214	388	0.04424097	0.00816838	0.006412807	0.1497778	0.07998648	0.003626307	0.0427913	0.08523814	0.008481751	0.04534602	0.01638423	0.05706482	0.0472774	0.00752509	0.04187294	0.01037703	0.005407453	0.01129661	0.01738485	0.007166173	0.01151611	0.005816199	0.2648908	0.007033689	0.01491663
"bounce"	140	389	0.06684553	0.02409759	0.006897343	0.1149105	0.03576204	0.01081572	0.04678228	0.100607	0.007793311	0.03660428	0.03814082	0.02742921	0.01019775	0.01888654	0.03650619	0.006162876	0.05709954	0.009923715	0.01189582	0.03568148	0.1569191	0.005859701	0.09743495	0.01058308	0.02616371
"bowl"	153	261	0.0427348	0.01366164	0.00331868	0.1028681	0.1107611	0.008747306	0.03920856	0.09165958	0.01003004	0.04502181	0.01250429	0.03575642	0.09627355	0.03381962	0.0195081	0.01558914	0.01126119	0.00819447	0.03953281	0.01327659	0.01236833	0.008309587	0.2009079	0.01209535	0.01259099
"box"	144	319	0.03591582	0.005485324	0.01255921	0.1657825	0.03813723	0.004100876	0.027322	0.09277244	0.007834572	0.03014835	0.01583199	0.04023622	0.0796895	0.1092333	0.01036944	0.007584031	0.007811342	0.01510115	0.1231357	0.006460301	0.008954361	0.003015508	0.1359822	0.007894586	0.008642036
"boy"	2397	4673	0.0596608	0.007307665	0.01465039	0.09628885	0.06373062	0.01931194	0.08350284	0.1312386	0.0167826	0.04540357	0.02001032	0.05181637	0.0174721	0.01373362	0.0468146	0.02212854	0.01921608	0.01033654	0.01553736	0.02030646	0.00935056	0.009514551	0.1315178	0.05696381	0.01740342
"bracelet"	41	70	0.06119996	0.05053185	0.004958501	0.1064141	0.04015653	0.008330123	0.1131376	0.1254269	0.01441696	0.0208446	0.02185123	0.04451958	0.002077916	0.007073827	0.05072561	0.0442366	0.01972496	0.02212583	0.01767246	0.01246162	0.008506593	0.04265652	0.1231426	0.008164213	0.02964325
"bread"	220	445	0.04070932	0.00833368	0.00413591	0.1924483	0.133707	0.01290577	0.05571946	0.08230362	0.00993296	0.02349771	0.01042849	0.04046971	0.01030624	0.01422337	0.01851671	0.02689907	0.009901061	0.006064249	0.007324181	0.00964703	0.007490553	0.008582007	0.2409024	0.00903308	0.01651816
"break"	521	759	0.04319128	0.007182238	0.007645038	0.1608775	0.05897555	0.01588418	0.05926405	0.1044158	0.01318559	0.0445351	0.02366263	0.05786242	0.04084855	0.03358502	0.02940233	0.02078182	0.02153144	0.008562257	0.0149307	0.01463062	0.01663852	0.008592364	0.1660397	0.008271209	0.01950399
"breakfast"	240	344	0.04161736	0.0116969	0.007469383	0.1390522	0.08779624	0.01249089	0.06441489	0.06741523	0.01270871	0.04728057	0.02466811	0.03936295	0.006781047	0.009687588	0.02680093	0.0234552	0.01770035	0.008909747	0.01507211	0.01342019	0.01499475	0.01856574	0.233972	0.02640218	0.02826476
"bridge"	60	127	0.02783607	0.08241758	0.004735188	0.118565	0.03629014	0.01912752	0.02268552	0.07173807	0.06937245	0.01682753	0.06126145	0.03433761	0.01258436	0.0294955	0.01299339	0.007866664	0.03532797	0.009104986	0.03042338	0.005484304	0.005509409	0.1354345	0.1065186	0.03807859	0.005984275
"bring"	1489	2406	0.1007634	0.02108819	0.01216123	0.139696	0.06751608	0.01379614	0.07396687	0.09525139	0.01392556	0.02396008	0.02029872	0.04879843	0.01410771	0.0162947	0.03361617	0.01398499	0.03820632	0.01076014	0.01719224	0.01654747	0.01172183	0.01547303	0.136847	0.01909867	0.02492763
"brother"	164	223	0.03344157	0.01000182	0.005272335	0.2252811	0.03026177	0.01103591	0.1016484	0.04899262	0.01069959	0.04262835	0.01597856	0.03980867	0.01326184	0.1402671	0.0222003	0.009049362	0.008869608	0.009714862	0.03492288	0.01441033	0.01370671	0.006973743	0.1236066	0.01195822	0.01600768
"brown"	182	472	0.02284142	0.0891869	0.1039816	0.05301495	0.02355421	0.006236042	0.04084132	0.0887381	0.005705331	0.02734498	0.02513608	0.05608113	0.02451753	0.1011349	0.01992926	0.04567625	0.007268299	0.0122123	0.06741698	0.04479449	0.01659973	0.00944516	0.08156555	0.02004171	0.006735847
"brush"	163	502	0.06051475	0.01009167	0.01580458	0.06122225	0.02569757	0.0227106	0.04782694	0.183597	0.01146349	0.0242723	0.02937014	0.02749232	0.01217801	0.03314885	0.2068011	0.01806733	0.01357547	0.01012111	0.01144567	0.02409795	0.009850131	0.009084469	0.103282	0.0176029	0.01068134
"bubble"	66	161	0.03245149	0.02111769	0.0871063	0.1626278	0.05155776	0.006879351	0.03307744	0.1591754	0.006464559	0.03200434	0.02152006	0.02944099	0.008328676	0.01595677	0.02566127	0.03316581	0.01728265	0.005457876	0.0478963	0.04841892	0.007380729	0.003454116	0.1275124	0.01173717	0.0043241
"buddy"	171	219	0.04200262	0.008799325	0.006483208	0.1552714	0.04899278	0.03346503	0.0625769	0.08655081	0.04129007	0.0552811	0.02341853	0.06231305	0.01194001	0.01099173	0.02722885	0.02620903	0.01317941	0.009797617	0.02721072	0.01004556	0.02422059	0.01409247	0.173154	0.01161489	0.01387031
"bug"	92	154	0.03579082	0.008214889	0.01437724	0.2093483	0.03237952	0.005940962	0.03379568	0.09399451	0.006310493	0.0544105	0.04643588	0.03818751	0.0643335	0.03612364	0.01643628	0.02818751	0.003499528	0.009976333	0.01538556	0.02194058	0.01628099	0.002292669	0.190647	0.0117378	0.003972254
"buggy"	16	40	0.0462216	0.04624862	0.004730122	0.1051836	0.008797504	0.008044364	0.03492931	0.1104903	0.006537776	0.1174921	0.03914836	0.01600564	0.01925962	0.02113748	0.009027651	0.02745914	0.01040202	0.0075494	0.02314	0.008684839	0.005660992	0.0389849	0.2017297	0.01857775	0.06455724
"bum"	80	170	0.04848044	0.009940114	0.004752796	0.1482514	0.03295051	0.00917654	0.05542697	0.08777689	0.01855792	0.08791275	0.06424834	0.03296785	0.001610518	0.004079039	0.04114471	0.01768911	0.01569843	0.01077719	0.03636279	0.02832116	0.01292122	0.03049593	0.1513947	0.01691381	0.03214887
"bump"	43	76	0.03826413	0.01642059	0.002125609	0.104462	0.03012953	0.01480912	0.02784989	0.09282174	0.009150744	0.05617657	0.03198249	0.032609	0.009216374	0.03163828	0.007327012	0.009130163	0.007853434	0.0061734	0.3268839	0.006147976	0.008785893	0.001795509	0.1127904	0.003357287	0.01209893
"bun"	6	30	0.02954838	0.0003902007	0.0003901944	0.03917919	0.2422509	0.0003902023	0.027784	0.0003902079	0.2074297	0.0318171	0.1133332	0.01040383	0.005569056	0.0003901955	0.0003902011	0.04810419	0.0003901896	0.03038746	0.02563719	0.003750915	0.0003902014	0.07303216	0.1075199	0.0006091718	0.0005219285
"bunny"	74	233	0.04157201	0.01571764	0.01344073	0.0700012	0.02307014	0.005091402	0.04996517	0.1471507	0.0716924	0.03584888	0.05742847	0.03215141	0.01665071	0.04649277	0.04878671	0.06566193	0.01185668	0.01819769	0.01936975	0.09894635	0.006374536	0.003657821	0.07945984	0.01425301	0.007162015
"burp"	186	358	0.06087943	0.006680978	0.01420994	0.09254434	0.04557301	0.006973505	0.08232989	0.1359796	0.01881522	0.0775722	0.02331334	0.06543604	0.01023047	0.0108381	0.05747026	0.009604793	0.01336844	0.009923274	0.01309628	0.007350129	0.008230954	0.009497202	0.1764087	0.01398995	0.02968403
"bus"	37	67	0.06658598	0.003189276	0.01862684	0.1642621	0.01774839	0.05088946	0.03568812	0.1591554	0.008839103	0.03727499	0.02460977	0.05310267	0.01959446	0.01296015	0.0237079	0.05701923	0.02325523	0.01766057	0.02124984	0.01569774	0.01291443	0.02102259	0.1188416	0.004232802	0.01187144
"but"	7465	20807	0.0370098	0.01197321	0.008128233	0.2723417	0.05066138	0.006977061	0.08899739	0.04581629	0.008350944	0.02215944	0.01365092	0.04958292	0.01022057	0.0207131	0.02475828	0.008466851	0.01273451	0.01112117	0.02357089	0.008111155	0.02561659	0.009277899	0.2039444	0.009664013	0.01615129
"butter"	150	232	0.03081699	0.006135481	0.01061107	0.1632073	0.1160615	0.02498119	0.04060271	0.06059753	0.007959158	0.0287912	0.01490557	0.02988794	0.01314543	0.008915394	0.01843987	0.01097389	0.02109333	0.004641693	0.007456441	0.01033056	0.006605574	0.01032957	0.3226263	0.0160584	0.0148259
"butterfly"	126	407	0.01644967	0.01628306	0.0943409	0.02090924	0.05611501	0.01933504	0.0214476	0.07990714	0.01268942	0.02111395	0.1525515	0.0295002	0.1820691	0.01401766	0.02990777	0.008279354	0.01386484	0.04637439	0.01279367	0.03748237	0.00931644	0.009892568	0.06562209	0.02387372	0.005863256
"button"	257	1888	0.03274409	0.007723934	0.01417343	0.07800836	0.02420054	0.003239867	0.03877088	0.2401102	0.01627651	0.02480192	0.2538586	0.03402995	0.002821123	0.01377226	0.02740219	0.02189732	0.006996125	0.006113294	0.01252405	0.01545297	0.005308974	0.00760467	0.09995226	0.005211752	0.007004777
"by"	1552	2157	0.04213679	0.01347765	0.007031288	0.2351758	0.04346232	0.010266	0.06417985	0.06847319	0.01517387	0.03293996	0.02768455	0.03891963	0.02479219	0.03931621	0.02060238	0.01290165	0.01372235	0.01044891	0.02296398	0.01002627	0.01986188	0.009888085	0.1892253	0.01022167	0.0171082
"bye"	782	3771	0.03888835	0.005243423	0.00846032	0.08847387	0.03217051	0.01054217	0.08760939	0.1132605	0.02595648	0.02624399	0.08472992	0.1916438	0.006798071	0.007704906	0.02227412	0.06925402	0.007112651	0.005315518	0.007949856	0.01302394	0.00773531	0.004245188	0.1218135	0.005176197	0.008373924
"caboose"	15	36	0.06620508	0.0143989	0.01261312	0.09142969	0.02214656	0.03736368	0.07199325	0.1834284	0.03258012	0.02380166	0.02112419	0.01617252	0.001002944	0.02228619	0.01278202	0.008354168	0.02311098	0.02393953	0.0006824197	0.008597704	0.0004046402	0.2006652	0.02741602	0.02757009	0.04993096
"cake"	173	500	0.0384465	0.009450767	0.009513048	0.1183387	0.05444204	0.02322979	0.06307642	0.07820012	0.02089478	0.03964814	0.01349505	0.03002604	0.03896209	0.005309349	0.01184457	0.02984602	0.007589335	0.09781646	0.1025522	0.0161643	0.006006953	0.0134221	0.1449292	0.01523176	0.01156427
"camel"	38	147	0.03030869	0.05016452	0.02598426	0.1061448	0.05638596	0.003190254	0.05696881	0.02994856	0.009991419	0.02982089	0.008007022	0.08950097	0.002765488	0.01215643	0.01560791	0.0315929	0.01376768	0.008520177	0.07222506	0.1692777	0.009948134	0.007276012	0.08932144	0.04582053	0.02530436
"camera"	120	265	0.06980292	0.004871041	0.004585181	0.2430793	0.03210838	0.004730227	0.117575	0.1033288	0.01023407	0.04816942	0.05352844	0.03594408	0.004229375	0.009043407	0.0315257	0.004014065	0.009639116	0.002962782	0.00753677	0.01132315	0.01286113	0.003841255	0.1368097	0.02598801	0.01226864
"can"	8622	26791	0.06209057	0.01724773	0.008082511	0.1712427	0.062573	0.01161592	0.07274406	0.08255129	0.01439841	0.03286773	0.0211659	0.05416811	0.01237281	0.01616186	0.03751104	0.01701696	0.02141705	0.01036028	0.02820746	0.01194897	0.01814978	0.01234686	0.1657519	0.01450789	0.02349923
"candy"	109	263	0.0281884	0.03001614	0.005571154	0.115619	0.09788202	0.01644691	0.06144159	0.2068294	0.006753477	0.02903118	0.02631117	0.0259796	0.01189083	0.007663071	0.01788385	0.08152816	0.02574628	0.0139841	0.02910338	0.0160278	0.007090731	0.03148474	0.08250361	0.01242425	0.0125991
"car"	247	756	0.07743731	0.008887053	0.01608952	0.09464823	0.02496157	0.00758857	0.04871587	0.2200629	0.008227287	0.03113743	0.02177694	0.07818869	0.01020224	0.07105457	0.02772957	0.01387698	0.08151648	0.01073588	0.01228665	0.007993601	0.007521933	0.009089783	0.08728282	0.00929169	0.01369645
"careful"	1331	2008	0.06241727	0.01867671	0.009851266	0.1170895	0.04726416	0.01618241	0.09472587	0.135457	0.0168903	0.048815	0.02301813	0.08149558	0.007870509	0.01960359	0.02972375	0.01558067	0.02128764	0.01153653	0.01551189	0.0143908	0.01187294	0.01176184	0.1250886	0.0131296	0.03075842
"carpet"	24	73	0.2168589	0.004529934	0.001588109	0.1422104	0.01138896	0.02756419	0.0349472	0.1300432	0.03739034	0.01971618	0.001046131	0.02341153	0.002713079	0.006880449	0.01795735	0.06414778	0.04863081	0.00721972	0.02225858	0.01880524	0.017512	0.0300137	0.08856271	0.003188787	0.0214147
"carrot"	63	115	0.05440871	0.01074444	0.001816755	0.1184006	0.1479868	0.007801224	0.09242503	0.1089836	0.00443355	0.024017	0.02067942	0.03902048	0.005142003	0.006759068	0.01778637	0.02252706	0.04758618	0.01089267	0.005642212	0.01594119	0.001882458	0.005672478	0.2098054	0.007439906	0.01220543
"cat"	246	893	0.02904918	0.0198078	0.03432494	0.04691744	0.02804276	0.003641308	0.0232424	0.1024889	0.01606112	0.02259538	0.01843321	0.04105931	0.005804964	0.01541323	0.01084053	0.2415508	0.003771358	0.005229311	0.2209163	0.02343138	0.00662619	0.004186102	0.06174319	0.008644642	0.006178202
"catch"	282	767	0.1083517	0.005755912	0.01938988	0.09542019	0.02536689	0.005653516	0.06095481	0.1809849	0.01621919	0.03027765	0.0237737	0.03572587	0.008406696	0.02499082	0.01787851	0.01280145	0.05657964	0.1204525	0.00832183	0.01334789	0.0126672	0.006088291	0.07274503	0.006885447	0.03096058
"cell"	165	237	0.04410171	0.01296009	0.004643902	0.2367094	0.03776932	0.009059423	0.1683652	0.07204511	0.01479584	0.02988439	0.03963284	0.04725145	0.006188539	0.008005814	0.02664485	0.009135518	0.01168162	0.008036783	0.004374424	0.00736486	0.01229052	0.006762242	0.153909	0.01238618	0.01600093
"cereal"	358	653	0.03414601	0.009381534	0.006465671	0.1223939	0.1379714	0.01356617	0.04744019	0.07429066	0.0191399	0.03547475	0.02765009	0.04772623	0.00583638	0.01219295	0.01796581	0.01779731	0.01037358	0.007118034	0.005536511	0.01591381	0.01219526	0.008223956	0.2847263	0.01226721	0.01420639
"chair"	352	614	0.04492033	0.005774234	0.009961595	0.1641378	0.05352512	0.006105511	0.04328681	0.1382244	0.01628072	0.0426177	0.02865876	0.04255682	0.02901974	0.03754128	0.01817865	0.01910507	0.007189304	0.009597098	0.01285175	0.01570939	0.008513142	0.007612409	0.1935341	0.007496161	0.03760206
"change"	1504	2825	0.07281078	0.01521449	0.009883304	0.1125632	0.02605202	0.009101325	0.07392188	0.1195256	0.0133703	0.04036937	0.02807679	0.06327507	0.008599424	0.01290784	0.1251453	0.01026282	0.02004944	0.008652353	0.01617213	0.01522806	0.01297354	0.008250309	0.1377348	0.01721516	0.02264479
"chase"	200	442	0.04012277	0.003977292	0.004486827	0.09122545	0.0395981	0.01867632	0.03444839	0.05456813	0.01268168	0.0222685	0.01394052	0.0506948	0.003963282	0.01144368	0.0126265	0.3649212	0.01110322	0.02707808	0.00620579	0.01023074	0.01062998	0.006929285	0.1148756	0.02239889	0.01090487
"check"	724	997	0.060102	0.01710586	0.00544248	0.2509489	0.03868487	0.0105281	0.06752489	0.06574995	0.009778583	0.05269353	0.0247168	0.03961996	0.005862801	0.007540802	0.03997176	0.01197343	0.01610996	0.009142545	0.009251078	0.008332016	0.01529546	0.01239967	0.1853056	0.01711901	0.01880005
"cheerios"	30	81	0.02552714	0.0196569	0.004872669	0.1968963	0.2325677	0.00747416	0.03855577	0.08233231	0.01473439	0.01217516	0.01946081	0.0701013	0.006305355	0.01491644	0.01751322	0.01207597	0.005690321	0.009539208	0.01269005	0.01961775	0.007743089	0.01404411	0.114339	0.008823	0.03234801
"cheese"	279	579	0.0192227	0.008538232	0.006520829	0.1640337	0.1110296	0.01186372	0.04353675	0.09265308	0.009894882	0.02643585	0.02258369	0.02288856	0.01412204	0.007638114	0.01146935	0.04591205	0.01844398	0.02395103	0.01202301	0.007765424	0.007105729	0.02112117	0.2659872	0.01223781	0.01302158
"cherry"	85	213	0.03547832	0.01849018	0.003321892	0.08435687	0.1742833	0.01370557	0.05220577	0.03879334	0.02032286	0.04767467	0.02346121	0.02219634	0.01847901	0.01772931	0.04610808	0.007143688	0.02223836	0.06178881	0.01577669	0.01073214	0.0162621	0.01024749	0.1847473	0.01328473	0.04117192
"chew"	336	1160	0.035516	0.01490782	0.007097028	0.0625851	0.3023237	0.01457861	0.05473005	0.1110702	0.01112354	0.01839053	0.02506956	0.04582742	0.0218696	0.009068713	0.01891826	0.009797064	0.01770262	0.00444705	0.006259633	0.02145943	0.007339068	0.008794881	0.1375117	0.008460541	0.02515188
"chick"	76	403	0.02305654	0.00886366	0.03098911	0.02191891	0.07071215	0.02638758	0.02627858	0.08930636	0.01633219	0.008206021	0.06899791	0.04931162	0.1498293	0.01222037	0.01913556	0.01140993	0.00679222	0.007104378	0.006264835	0.2508351	0.00278792	0.006940322	0.03417176	0.04595922	0.006188472
"chicken"	503	1193	0.03190095	0.004676478	0.0066143	0.1348431	0.1119698	0.01526809	0.04265682	0.105492	0.01833014	0.02381324	0.02860065	0.03225433	0.02832917	0.006452563	0.02320248	0.02238649	0.01218879	0.004630054	0.01520828	0.03236816	0.007440444	0.008215685	0.2581106	0.01282651	0.01222087
"chip"	96	258	0.04998751	0.001635687	0.002279687	0.1522421	0.1984552	0.008002077	0.03858528	0.1014203	0.02524452	0.03563849	0.01696593	0.02409059	0.01108331	0.009306733	0.02160088	0.01942703	0.00988036	0.01771652	0.005622333	0.01259609	0.007212277	0.007242847	0.1994837	0.01562871	0.008651898
"chocolate"	113	213	0.04381795	0.007428283	0.005085158	0.1491689	0.1272268	0.01036474	0.06707759	0.05943979	0.006783772	0.03929469	0.02901802	0.03262618	0.003242693	0.009214369	0.01660695	0.01379967	0.02045601	0.04089376	0.01239167	0.004617807	0.007827743	0.01337938	0.2572952	0.01288166	0.01006123
"chug"	35	332	0.02826871	0.007688493	0.01546864	0.05441706	0.0651025	0.132386	0.007330857	0.1312259	0.02642784	0.01559365	0.05051326	0.06246275	0.06201989	0.02781109	0.02503721	0.1091967	0.03321117	0.003185282	0.002982433	0.00578566	0.001401732	0.05496046	0.05280466	0.01250371	0.01221441
"cinderella"	64	192	0.1072563	0.02827316	0.005816305	0.1291043	0.04222055	0.01857543	0.1004142	0.1126821	0.004032394	0.02128466	0.02565977	0.03766821	0.01514837	0.02290531	0.03128088	0.01913529	0.02956225	0.06045772	0.00706595	0.004334989	0.00399033	0.01001299	0.1293495	0.01650254	0.01726653
"circle"	199	452	0.0466	0.03084324	0.007281195	0.06249003	0.02984175	0.006418463	0.03343884	0.1218518	0.03772356	0.01588981	0.2998276	0.0456255	0.007083468	0.01180506	0.02207823	0.05847618	0.02116829	0.007531546	0.01254749	0.01881922	0.01907184	0.00284532	0.06456732	0.009919521	0.00625469
"circus"	27	79	0.06112054	0.01193375	0.01441727	0.150993	0.02033129	0.03808641	0.0316277	0.123141	0.005589822	0.02904743	0.01145128	0.04522974	0.009201123	0.02203084	0.06300513	0.006330795	0.0345745	0.007435691	0.05930844	0.07258042	0.01900932	0.01457097	0.1363872	0.01208883	0.0005074391
"clam"	16	91	0.01447995	0.002494036	0.005896488	0.01311289	0.007256711	0.009132049	0.06862624	0.05238301	0.0008894965	0.004863745	0.04335208	0.009928901	0.0003828666	0.50858	0.002371724	0.01239674	0.000926188	0.03266174	0.08522718	0.003514962	0.007945475	0.0002213664	0.1035622	0.007520471	0.002273421
"clean"	1009	2102	0.06106364	0.0110832	0.008287001	0.0897512	0.05824222	0.02196978	0.06386299	0.1410948	0.02129719	0.03545621	0.03467098	0.05659693	0.01437649	0.00787804	0.1234611	0.01669953	0.01859881	0.007843437	0.0110952	0.01873224	0.009641125	0.009149803	0.1178752	0.01656487	0.024708
"climb"	337	666	0.05841235	0.01380581	0.007582883	0.08248811	0.05255905	0.03231539	0.04222554	0.1169704	0.1719957	0.03809556	0.04560962	0.05443713	0.009511814	0.02289789	0.020671	0.02339487	0.01912637	0.008287825	0.007074451	0.02546771	0.01959794	0.01229927	0.08364685	0.0138674	0.01765908
"clock"	310	988	0.0270898	0.00908451	0.006461191	0.06432079	0.03568473	0.01097493	0.03553513	0.07257547	0.03505044	0.009504486	0.06657533	0.03285659	0.0379834	0.02282691	0.01131332	0.368587	0.01695505	0.005414025	0.007023483	0.006820785	0.003789126	0.00356589	0.08126467	0.02179592	0.006947022
"close"	1039	1882	0.05873378	0.01410829	0.00978535	0.1226658	0.04760991	0.03824409	0.05486755	0.1344618	0.03130811	0.02844766	0.04121708	0.06389945	0.01074095	0.06548867	0.03409116	0.01145127	0.01714254	0.01096166	0.01610777	0.01625299	0.01192731	0.01174024	0.1208965	0.01308061	0.01476941
"cloth"	692	1121	0.09855613	0.01651302	0.01106556	0.1062612	0.02760873	0.01335216	0.06616128	0.12721	0.01235185	0.03237685	0.02074144	0.06295533	0.02474074	0.01075094	0.1135432	0.009583685	0.01643077	0.01356992	0.01323077	0.01114786	0.008987715	0.009337731	0.1245665	0.01373369	0.03522285
"cloud"	74	151	0.01256791	0.01964214	0.006099081	0.04464394	0.05985417	0.02732147	0.02687403	0.2250608	0.03625999	0.01820057	0.1321416	0.02267575	0.01954122	0.1050551	0.02426649	0.0364904	0.02895944	0.004568474	0.00947526	0.02212819	0.006764719	0.01729051	0.0739303	0.01310983	0.007078583
"coffee"	227	467	0.03532238	0.01126409	0.007161183	0.1587285	0.1014403	0.02787897	0.05228934	0.09812372	0.008556217	0.08976316	0.01039139	0.03622041	0.008337534	0.01324532	0.02660617	0.01275207	0.01852132	0.01537197	0.01047086	0.01429019	0.009951627	0.01168622	0.1887999	0.0165111	0.01631604
"coke"	50	78	0.02949881	0.004291735	0.001408628	0.2560398	0.0813795	0.002078976	0.04416059	0.07964317	0.009463363	0.0342074	0.02811033	0.03129674	0.004274833	0.004236548	0.01560942	0.01019414	0.005123269	0.005838523	0.003471613	0.009094814	0.009514217	0.002589392	0.2928512	0.005230326	0.03039269
"cold"	314	511	0.05581066	0.006010147	0.01433325	0.155643	0.05600567	0.0169253	0.05323899	0.1006168	0.0201832	0.04729021	0.01649302	0.04720304	0.02020257	0.01466972	0.02788723	0.01323653	0.01282988	0.0102373	0.04996629	0.01455958	0.01191849	0.009218522	0.2047982	0.008363527	0.01235881
"color"	314	666	0.03348279	0.06371356	0.004445859	0.1082645	0.03700083	0.004465524	0.02298465	0.1261775	0.08224401	0.0156937	0.2274625	0.03026889	0.009429715	0.01977515	0.01319593	0.024549	0.00925355	0.009763588	0.01480692	0.02308918	0.005378215	0.004048757	0.09463769	0.006671202	0.009196846
"comb"	56	163	0.06667983	0.01068052	0.01187771	0.05618057	0.006247742	0.005560072	0.1214467	0.07949696	0.01145216	0.04448926	0.01925217	0.06952969	0.009803767	0.07220421	0.2434905	0.01244266	0.02894707	0.01612721	0.01283843	0.01001592	0.006555378	0.007534769	0.03338409	0.01108174	0.03268078
